*************************


input file used:/home/nasrin/Projects/FiSHSCC/input_files/input_file_FiSHSCC.txt
output file created:./output_files/MFF1_MB.txt
executed at: 2023 5 8 17 16 12.62

input data used for calculation:
name ScaleRel length Dip Seismogenic_Thickness slipratemin slipratemax Mobs sdMobs occurrenceTime ShearMod(*10^10) StrainDrop(*10^-5) 
MFF1 WC94-R 37.00 40.00 20.00  2.88  4.32 5.7 0.1 1987 3.000e+10 3.000e-05


number of sigma for trucated magnitudes function:0
year for calculating elasped time:2023

output data obtained:
name input-Lenght Lenght-from-AspectRatio MMo Mar Mscr1 Mscr2 Mobs dMMo dMar dMscr1 dMscr2 dMobs id Mmax sdMmax Tmean CV Telap Mo-rate
MFF1 37.00 63.97 6.99 7.34 6.83 7.09 5.70 0.30 0.25 0.26 0.25 0.05 1 6.9 0.4 1107 1.4 36 2.546e+16

weigths(NaN if unweighted,0 if not used), x_range of magnitude and pdf_of_mag-values:

MFF1
weights/magnitude 5        5.01        5.02        5.03        5.04        5.05        5.06        5.07        5.08        5.09         5.1        5.11        5.12        5.13        5.14        5.15        5.16        5.17        5.18        5.19         5.2        5.21        5.22        5.23        5.24        5.25        5.26        5.27        5.28        5.29         5.3        5.31        5.32        5.33        5.34        5.35        5.36        5.37        5.38        5.39         5.4        5.41        5.42        5.43        5.44        5.45        5.46        5.47        5.48        5.49         5.5        5.51        5.52        5.53        5.54        5.55        5.56        5.57        5.58        5.59         5.6        5.61        5.62        5.63        5.64        5.65        5.66        5.67        5.68        5.69         5.7        5.71        5.72        5.73        5.74        5.75        5.76        5.77        5.78        5.79         5.8        5.81        5.82        5.83        5.84        5.85        5.86        5.87        5.88        5.89         5.9        5.91        5.92        5.93        5.94        5.95        5.96        5.97        5.98        5.99           6        6.01        6.02        6.03        6.04        6.05        6.06        6.07        6.08        6.09         6.1        6.11        6.12        6.13        6.14        6.15        6.16        6.17        6.18        6.19         6.2        6.21        6.22        6.23        6.24        6.25        6.26        6.27        6.28        6.29         6.3        6.31        6.32        6.33        6.34        6.35        6.36        6.37        6.38        6.39         6.4        6.41        6.42        6.43        6.44        6.45        6.46        6.47        6.48        6.49         6.5        6.51        6.52        6.53        6.54        6.55        6.56        6.57        6.58        6.59         6.6        6.61        6.62        6.63        6.64        6.65        6.66        6.67        6.68        6.69         6.7        6.71        6.72        6.73        6.74        6.75        6.76        6.77        6.78        6.79         6.8        6.81        6.82        6.83        6.84        6.85        6.86        6.87        6.88        6.89         6.9        6.91        6.92        6.93        6.94        6.95        6.96        6.97        6.98        6.99           7        7.01        7.02        7.03        7.04        7.05        7.06        7.07        7.08        7.09         7.1        7.11        7.12        7.13        7.14        7.15        7.16        7.17        7.18        7.19         7.2        7.21        7.22        7.23        7.24        7.25        7.26        7.27        7.28        7.29         7.3        7.31        7.32        7.33        7.34        7.35        7.36        7.37        7.38        7.39         7.4        7.41        7.42        7.43        7.44        7.45        7.46        7.47        7.48        7.49         7.5        7.51        7.52        7.53        7.54        7.55        7.56        7.57        7.58        7.59         7.6        7.61        7.62        7.63        7.64        7.65        7.66        7.67        7.68        7.69         7.7        7.71        7.72        7.73        7.74        7.75        7.76        7.77        7.78        7.79         7.8        7.81        7.82        7.83        7.84        7.85        7.86        7.87        7.88        7.89         7.9        7.91        7.92        7.93        7.94        7.95        7.96        7.97        7.98        7.99           8
NaN  2.787919e-10  3.475891e-10  4.328822e-10  5.385061e-10  6.691586e-10  8.305866e-10  1.029813e-09  1.275408e-09  1.577819e-09  1.949768e-09  2.406722e-09  2.967472e-09  3.654808e-09  4.496349e-09  5.525518e-09  6.782711e-09  8.316702e-09   1.01863e-08  1.246233e-08  1.522998e-08  1.859161e-08  2.267003e-08  2.761242e-08  3.359499e-08  4.082836e-08  4.956405e-08  6.010203e-08  7.279959e-08  8.808179e-08  1.064537e-07  1.285147e-07  1.549753e-07  1.866765e-07  2.246126e-07  2.699579e-07  3.240972e-07  3.886621e-07  4.655716e-07  5.570808e-07  6.658361e-07  7.949394e-07  9.480213e-07  1.129327e-06  1.343812e-06  1.597258e-06  1.896396e-06  2.249056e-06  2.664336e-06  3.152792e-06  3.726653e-06  4.400075e-06  5.189419e-06  6.113568e-06  7.194295e-06  8.456666e-06  9.929504e-06  1.164591e-05  1.364384e-05  1.596678e-05  1.866447e-05  2.179372e-05  2.541935e-05  2.961522e-05  3.446537e-05   4.00653e-05  4.652338e-05  5.396244e-05   6.25215e-05  7.235769e-05  8.364835e-05  9.659341e-05  0.0001114179  0.0001283749  0.0001477484  0.0001698567  0.0001950563  0.0002237458    0.00025637  0.0002934249  0.0003354626   0.000383097  0.0004370095  0.0004979554  0.0005667708  0.0006443798  0.0007318024  0.0008301627  0.0009406975   0.001064766    0.00120386   0.001359612   0.001533811   0.001728406   0.001945527   0.002187491   0.002456816   0.002756237   0.003088715   0.003457456    0.00386592    0.00431784   0.004817233   0.005368417   0.005976023   0.006645011   0.007380685   0.008188701   0.009075088    0.01004625      0.011109    0.01227052    0.01353844    0.01492079    0.01642602    0.01806301    0.01984109       0.02177    0.02385991    0.02612141     0.0285655    0.03120359    0.03404745    0.03710925    0.04040148    0.04393693    0.04772871    0.05179014    0.05613476    0.06077629    0.06572853    0.07100535    0.07662063    0.08258817    0.08892162    0.09563444     0.1027398     0.1102505     0.1181789     0.1265368     0.1353353     0.1445848      0.154295     0.1644745     0.1751308     0.1862705     0.1978987     0.2100194     0.2226349     0.2357461     0.2493522     0.2634507     0.2780373     0.2931056     0.3086475     0.3246525     0.3411082         0.358     0.3753111     0.3930223     0.4111123     0.4295574     0.4483316     0.4674067     0.4867523     0.5063356      0.526122     0.5460744     0.5661541     0.5863204     0.6065307     0.6267408     0.6469052     0.6669768     0.6869076     0.7066483      0.726149     0.7453593     0.7642282     0.7827045     0.8007374      0.818276     0.8352702     0.8516705     0.8674285     0.8824969     0.8968301     0.9103839     0.9231163     0.9349874     0.9459595     0.9559975     0.9650691      0.973145     0.9801987     0.9862071     0.9911505     0.9950125     0.9977802     0.9994446             1     0.9994446     0.9977802     0.9950125     0.9911505     0.9862071     0.9801987      0.973145     0.9650691     0.9559975     0.9459595     0.9349874     0.9231163     0.9103839     0.8968301     0.8824969     0.8674285     0.8516705     0.8352702      0.818276     0.8007374     0.7827045     0.7642282     0.7453593      0.726149     0.7066483     0.6869076     0.6669768     0.6469052     0.6267408     0.6065307     0.5863204     0.5661541     0.5460744      0.526122     0.5063356     0.4867523     0.4674067     0.4483316     0.4295574     0.4111123     0.3930223     0.3753111         0.358     0.3411082     0.3246525     0.3086475     0.2931056     0.2780373     0.2634507     0.2493522     0.2357461     0.2226349     0.2100194     0.1978987     0.1862705     0.1751308     0.1644745      0.154295     0.1445848     0.1353353     0.1265368     0.1181789     0.1102505     0.1027398    0.09563444    0.08892162    0.08258817    0.07662063    0.07100535    0.06572853    0.06077629    0.05613476    0.05179014    0.04772871    0.04393693    0.04040148    0.03710925    0.03404745    0.03120359     0.0285655    0.02612141    0.02385991       0.02177    0.01984109    0.01806301    0.01642602    0.01492079    0.01353844    0.01227052      0.011109    0.01004625   0.009075088   0.008188701   0.007380685   0.006645011   0.005976023   0.005368417   0.004817233    0.00431784    0.00386592   0.003457456
0  9.4584e-20  1.3743e-19  1.9935e-19  2.8873e-19   4.175e-19  6.0274e-19  8.6878e-19  1.2502e-18  1.7963e-18  2.5768e-18  3.6904e-18  5.2769e-18  7.5333e-18  1.0737e-17   1.528e-17  2.1709e-17  3.0794e-17  4.3612e-17  6.1666e-17  8.7054e-17   1.227e-16  1.7266e-16  2.4258e-16  3.4027e-16  4.7653e-16  6.6629e-16  9.3014e-16  1.2964e-15  1.8039e-15  2.5062e-15  3.4763e-15  4.8142e-15  6.6564e-15  9.1887e-15  1.2664e-14  1.7426e-14  2.3941e-14  3.2838e-14  4.4969e-14  6.1484e-14  8.3929e-14  1.1439e-13  1.5564e-13  2.1145e-13   2.868e-13  3.8838e-13  5.2509e-13   7.088e-13  9.5525e-13  1.2853e-12  1.7267e-12   2.316e-12  3.1013e-12  4.1463e-12  5.5346e-12  7.3759e-12  9.8141e-12  1.3037e-11  1.7292e-11  2.2897e-11  3.0272e-11  3.9958e-11  5.2658e-11  6.9284e-11  9.1015e-11  1.1937e-10  1.5631e-10  2.0435e-10  2.6673e-10  3.4759e-10  4.5224e-10  5.8747e-10   7.619e-10  9.8656e-10  1.2754e-09  1.6462e-09  2.1214e-09  2.7294e-09   3.506e-09  4.4963e-09  5.7573e-09    7.36e-09  9.3939e-09  1.1971e-08   1.523e-08  1.9346e-08  2.4534e-08  3.1065e-08   3.927e-08  4.9564e-08  6.2456e-08  7.8576e-08  9.8698e-08  1.2378e-07  1.5498e-07  1.9373e-07  2.4179e-07  3.0129e-07  3.7483e-07  4.6557e-07  5.7736e-07  7.1485e-07  8.8365e-07  1.0906e-06  1.3438e-06  1.6532e-06  2.0306e-06  2.4901e-06  3.0487e-06  3.7267e-06  4.5481e-06  5.5418e-06  6.7417e-06  8.1883e-06  9.9295e-06  1.2022e-05  1.4531e-05  1.7537e-05   2.113e-05  2.5419e-05   3.053e-05   3.661e-05   4.383e-05   5.239e-05  6.2522e-05  7.4493e-05  8.8616e-05  0.00010525   0.0001248  0.00014775  0.00017464  0.00020609  0.00024282  0.00028563  0.00033546  0.00039335   0.0004605  0.00053824  0.00062811   0.0007318  0.00085125  0.00098862   0.0011463    0.001327   0.0015338     0.00177   0.0020392   0.0023456   0.0026938   0.0030887   0.0035359   0.0040413   0.0046115   0.0052538    0.005976   0.0067866   0.0076949   0.0087107   0.0098449    0.011109    0.012515    0.014077    0.015809    0.017725    0.019841    0.022175    0.024743    0.027565     0.03066    0.034047    0.037749    0.041786     0.04618    0.050956    0.056135    0.061741      0.0678    0.074333    0.081366    0.088922    0.097024     0.10569     0.11496     0.12483     0.13534     0.14649     0.15831     0.17081       0.184      0.1979      0.2125     0.22782     0.24385     0.26059     0.27804     0.29618     0.31499     0.33447     0.35459     0.37531     0.39661     0.41845     0.44078     0.46357     0.48675     0.51028     0.53409     0.55811     0.58228     0.60653     0.63078     0.65495     0.67896     0.70272     0.72615     0.74916     0.77167     0.79358     0.81481     0.83527     0.85488     0.87354     0.89119     0.90774     0.92312     0.93725     0.95009     0.96156     0.97161      0.9802     0.98728     0.99283     0.99681      0.9992           1      0.9992     0.99681     0.99283     0.98728      0.9802     0.97161     0.96156     0.95009     0.93725     0.92312     0.90774     0.89119     0.87354     0.85488     0.83527     0.81481     0.79358     0.77167     0.74916     0.72615     0.70272     0.67896     0.65495     0.63078     0.60653     0.58228     0.55811     0.53409     0.51028     0.48675     0.46357     0.44078     0.41845     0.39661     0.37531     0.35459     0.33447     0.31499     0.29618     0.27804     0.26059     0.24385     0.22782      0.2125      0.1979       0.184     0.17081     0.15831     0.14649     0.13534     0.12483     0.11496     0.10569    0.097024    0.088922    0.081366    0.074333      0.0678    0.061741    0.056135    0.050956     0.04618    0.041786    0.037749    0.034047     0.03066
NaN  1.747988e-11  2.289735e-11  2.994949e-11  3.911571e-11  5.101178e-11  6.642742e-11  8.637375e-11  1.121434e-10  1.453862e-10  1.882047e-10  2.432736e-10   3.13991e-10  4.046662e-10  5.207559e-10  6.691586e-10  8.585814e-10  1.099997e-09   1.40721e-09  1.797562e-09  2.292802e-09  2.920161e-09   3.71368e-09  4.715847e-09  5.979605e-09   7.57082e-09  9.571298e-09  1.208249e-08  1.522998e-08  1.916902e-08  2.409118e-08  3.023248e-08  3.788323e-08  4.739994e-08  5.921968e-08  7.387747e-08  9.202704e-08   1.14466e-07  1.421658e-07  1.763076e-07  2.183256e-07  2.699579e-07  3.333072e-07  4.109141e-07   5.05842e-07  6.217794e-07  7.631595e-07  9.353019e-07  1.144579e-06  1.398613e-06  1.706502e-06  2.079091e-06  2.529285e-06  3.072413e-06  3.726653e-06  4.513526e-06  5.458464e-06  6.591473e-06  7.947894e-06  9.569279e-06   1.15044e-05   1.38104e-05  1.655412e-05   1.98136e-05  2.367981e-05  2.825861e-05  3.367292e-05   4.00653e-05  4.760072e-05  5.646979e-05  6.689234e-05  7.912144e-05   9.34479e-05  0.0001102053  0.0001297755  0.0001525952  0.0001791622  0.0002100436  0.0002458839  0.0002874143  0.0003354626  0.0003909646  0.0004549758  0.0005286847  0.0006134267  0.0007106999  0.0008221808  0.0009497426   0.001095474   0.001261699   0.001450999   0.001666234   0.001910567   0.002187491   0.002500851   0.002854873   0.003254194   0.003703886   0.004209488   0.004777036   0.005413091   0.006124769    0.00691977   0.007806406   0.008793629   0.009891057      0.011109    0.01245846    0.01395121    0.01559971    0.01741722    0.01941774    0.02161604    0.02402764    0.02666882    0.02955656    0.03270856    0.03614321    0.03987948    0.04393693    0.04833565    0.05309615    0.05823928    0.06378617    0.06975809    0.07617636    0.08306219    0.09043657    0.09832012     0.1067329     0.1156942     0.1252226     0.1353353     0.1460485     0.1573768     0.1693331     0.1819284     0.1951717     0.2090695     0.2236258     0.2388421     0.2547166     0.2712448     0.2884184      0.306226     0.3246525      0.343679     0.3632827      0.383437     0.4041112     0.4252706     0.4468763     0.4688856     0.4912516     0.5139237     0.5368474     0.5599646     0.5832139     0.6065307     0.6298472     0.6530932     0.6761961     0.6990813     0.7216728     0.7438931      0.765664     0.7869072     0.8075443     0.8274976     0.8466904     0.8650479     0.8824969     0.8989671      0.914391     0.9287047     0.9418481     0.9537657     0.9644063     0.9737242     0.9816788     0.9882354     0.9933653     0.9970458     0.9992606             1     0.9992606     0.9970458     0.9933653     0.9882354     0.9816788     0.9737242     0.9644063     0.9537657     0.9418481     0.9287047      0.914391     0.8989671     0.8824969     0.8650479     0.8466904     0.8274976     0.8075443     0.7869072      0.765664     0.7438931     0.7216728     0.6990813     0.6761961     0.6530932     0.6298472     0.6065307     0.5832139     0.5599646     0.5368474     0.5139237     0.4912516     0.4688856     0.4468763     0.4252706     0.4041112      0.383437     0.3632827      0.343679     0.3246525      0.306226     0.2884184     0.2712448     0.2547166     0.2388421     0.2236258     0.2090695     0.1951717     0.1819284     0.1693331     0.1573768     0.1460485     0.1353353     0.1252226     0.1156942     0.1067329    0.09832012    0.09043657    0.08306219    0.07617636    0.06975809    0.06378617    0.05823928    0.05309615    0.04833565    0.04393693    0.03987948    0.03614321    0.03270856    0.02955656    0.02666882    0.02402764    0.02161604    0.01941774    0.01741722    0.01559971    0.01395121    0.01245846      0.011109   0.009891057   0.008793629   0.007806406    0.00691977   0.006124769   0.005413091   0.004777036   0.004209488   0.003703886   0.003254194   0.002854873   0.002500851   0.002187491   0.001910567   0.001666234   0.001450999   0.001261699   0.001095474  0.0009497426  0.0008221808  0.0007106999  0.0006134267  0.0005286847  0.0004549758  0.0003909646  0.0003354626  0.0002874143  0.0002458839  0.0002100436  0.0001791622  0.0001525952  0.0001297755  0.0001102053   9.34479e-05  7.912144e-05  6.689234e-05  5.646979e-05  4.760072e-05   4.00653e-05
NaN  6.662944e-16  9.301368e-16  1.296381e-15  1.803946e-15  2.506222e-15  3.476327e-15  4.814231e-15  6.656384e-15  9.188718e-15  1.266417e-14  1.742623e-14  2.394062e-14  3.283767e-14  4.496914e-14  6.148396e-14  8.392944e-14  1.143857e-13  1.556448e-13  2.114474e-13  2.867975e-13   3.88377e-13  5.250935e-13  7.088021e-13  9.552532e-13  1.285337e-12  1.726716e-12  2.315953e-12  3.101299e-12   4.14632e-12   5.53461e-12  7.375924e-12   9.81411e-12  1.303739e-11   1.72916e-11  2.289735e-11  3.027194e-11  3.995769e-11  5.265815e-11  6.928449e-11  9.101471e-11  1.193692e-10  1.563069e-10  2.043473e-10  2.667258e-10  3.475891e-10  4.522437e-10  5.874676e-10  7.619044e-10   9.86557e-10  1.275408e-09  1.646194e-09  2.121378e-09  2.729356e-09  3.505965e-09  4.496349e-09  5.757284e-09  7.360043e-09   9.39395e-09  1.197075e-08  1.522998e-08  1.934562e-08  2.453415e-08   3.10645e-08   3.92702e-08  4.956405e-08  6.245622e-08  7.857596e-08  9.869811e-08  1.237751e-07  1.549753e-07  1.937301e-07  2.417891e-07  3.012878e-07  3.748275e-07  4.655716e-07  5.773599e-07  7.148451e-07  8.836542e-07  1.090581e-06  1.343812e-06  1.653196e-06  2.030558e-06  2.490069e-06  3.048686e-06  3.726653e-06  4.548105e-06  5.541751e-06  6.741689e-06  8.188335e-06  9.929504e-06  1.202167e-05  1.453138e-05  1.753696e-05  2.113035e-05  2.541935e-05  3.053002e-05   3.66096e-05  4.382965e-05  5.238973e-05   6.25215e-05   7.44934e-05  8.861583e-05  0.0001052471  0.0001247998  0.0001477484  0.0001746372  0.0002060895  0.0002428176  0.0002856338  0.0003354626  0.0003933542  0.0004604989  0.0005382432   0.000628107  0.0007318024   0.000851254  0.0009886205   0.001146318   0.001327046   0.001533811   0.001769957   0.002039195   0.002345633   0.002693807   0.003088715   0.003535856   0.004041255    0.00461151   0.005253819   0.005976023   0.006786635   0.007694881   0.008710727   0.009844917      0.011109    0.01251534    0.01407718    0.01580862    0.01772463    0.01984109    0.02217477    0.02474331    0.02756523    0.03065989    0.03404745    0.03774886    0.04178575    0.04618039    0.05095563    0.05613476    0.06174144    0.06779953    0.07433302    0.08136582    0.08892162     0.0970237     0.1056948     0.1149567     0.1248303     0.1353353     0.1464897       0.15831     0.1708106     0.1840036     0.1978987     0.2125028     0.2278199     0.2438505     0.2605918     0.2780373     0.2961764     0.3149945     0.3344727     0.3545875     0.3753111     0.3966107     0.4184491     0.4407841      0.463569     0.4867523     0.5102778     0.5340851     0.5581096     0.5822822     0.6065307     0.6307788     0.6549476     0.6789553     0.7027177      0.726149      0.749162     0.7716687     0.7935807     0.8148103     0.8352702      0.854875     0.8735412     0.8911879     0.9077375     0.9231163     0.9372549     0.9500886     0.9615584     0.9716108     0.9801987     0.9872816     0.9928259     0.9968051     0.9992003             1     0.9992003     0.9968051     0.9928259     0.9872816     0.9801987     0.9716108     0.9615584     0.9500886     0.9372549     0.9231163     0.9077375     0.8911879     0.8735412      0.854875     0.8352702     0.8148103     0.7935807     0.7716687      0.749162      0.726149     0.7027177     0.6789553     0.6549476     0.6307788     0.6065307     0.5822822     0.5581096     0.5340851     0.5102778     0.4867523      0.463569     0.4407841     0.4184491     0.3966107     0.3753111     0.3545875     0.3344727     0.3149945     0.2961764     0.2780373     0.2605918     0.2438505     0.2278199     0.2125028     0.1978987     0.1840036     0.1708106       0.15831     0.1464897     0.1353353     0.1248303     0.1149567     0.1056948     0.0970237    0.08892162    0.08136582    0.07433302    0.06779953    0.06174144    0.05613476    0.05095563    0.04618039    0.04178575    0.03774886    0.03404745    0.03065989    0.02756523    0.02474331    0.02217477    0.01984109    0.01772463    0.01580862    0.01407718    0.01251534      0.011109   0.009844917   0.008710727   0.007694881   0.006786635   0.005976023   0.005253819    0.00461151   0.004041255   0.003535856   0.003088715   0.002693807   0.002345633   0.002039195   0.001769957   0.001533811   0.001327046
NaN  2.748785e-43  4.430772e-42   6.86193e-41  1.021037e-39  1.459704e-38  2.005009e-37  2.646038e-36  3.355089e-35  4.087335e-34  4.784149e-33  5.380186e-32  5.813239e-31  6.034861e-30   6.01928e-29   5.76833e-28  5.311092e-27  4.698355e-26  3.993337e-25  3.261027e-24  2.558592e-23   1.92875e-22  1.396944e-21  9.720985e-21  6.499348e-20   4.17501e-19  2.576757e-18   1.52798e-17  8.705427e-17  4.765305e-16  2.506222e-15  1.266417e-14  6.148396e-14  2.867975e-13  1.285337e-12   5.53461e-12  2.289735e-11  9.101471e-11  3.475891e-10  1.275408e-09  4.496349e-09  1.522998e-08  4.956405e-08  1.549753e-07  4.655716e-07  1.343812e-06  3.726653e-06  9.929504e-06  2.541935e-05   6.25215e-05  0.0001477484  0.0003354626  0.0007318024   0.001533811   0.003088715   0.005976023      0.011109    0.01984109    0.03404745    0.05613476    0.08892162     0.1353353     0.1978987     0.2780373     0.3753111     0.4867523     0.6065307      0.726149     0.8352702     0.9231163     0.9801987             1     0.9801987     0.9231163     0.8352702      0.726149     0.6065307     0.4867523     0.3753111     0.2780373     0.1978987     0.1353353    0.08892162    0.05613476    0.03404745    0.01984109      0.011109   0.005976023   0.003088715   0.001533811  0.0007318024  0.0003354626  0.0001477484   6.25215e-05  2.541935e-05  9.929504e-06  3.726653e-06  1.343812e-06  4.655716e-07  1.549753e-07  4.956405e-08  1.522998e-08  4.496349e-09  1.275408e-09  3.475891e-10  9.101471e-11  2.289735e-11   5.53461e-12  1.285337e-12  2.867975e-13  6.148396e-14  1.266417e-14  2.506222e-15  4.765305e-16  8.705427e-17   1.52798e-17  2.576757e-18   4.17501e-19  6.499348e-20  9.720985e-21  1.396944e-21   1.92875e-22  2.558592e-23  3.261027e-24  3.993337e-25  4.698355e-26  5.311092e-27   5.76833e-28   6.01928e-29  6.034861e-30  5.813239e-31  5.380186e-32  4.784149e-33  4.087335e-34  3.355089e-35  2.646038e-36  2.005009e-37  1.459704e-38  1.021037e-39   6.86193e-41  4.430772e-42  2.748785e-43  1.638439e-44  9.383138e-46  5.162905e-47  2.729407e-48  1.386343e-49  6.765524e-51  3.172198e-52   1.42905e-53  6.185328e-55  2.572209e-56  1.027728e-57  3.945282e-59  1.455145e-60  5.156591e-62  1.755688e-63  5.743283e-65    1.8051e-66   5.45093e-68  1.581496e-69  4.408531e-71  1.180723e-72  3.038296e-74   7.51174e-76  1.784346e-77  4.072359e-79  8.929787e-81  1.881327e-82  3.808166e-84  7.406204e-86  1.383897e-87  2.484505e-89  4.285527e-91  7.102264e-93  1.130883e-94  1.730082e-96  2.542986e-98 3.591282e-100 4.872852e-102 6.352508e-104 7.956744e-106  9.57533e-108 1.107134e-109 1.229915e-111 1.312739e-113   1.3462e-115 1.326383e-117 1.255616e-119 1.142017e-121 9.979685e-124 8.378943e-126 6.759115e-128 5.238641e-130 3.900997e-132 2.791007e-134 1.918556e-136 1.267115e-138 8.040555e-141 4.902123e-143 2.871511e-145 1.616088e-147 8.738722e-150 4.540032e-152   2.2662e-154  1.08684e-156 5.007966e-159   2.2171e-161 9.430558e-164 3.854053e-166 1.513304e-168  5.70904e-171 2.069322e-173 7.206449e-176 2.411253e-178  7.75162e-181 2.394255e-183 7.105203e-186 2.025866e-188 5.549749e-191  1.46071e-193 3.693883e-196 8.974915e-199 2.095105e-201 4.699043e-204 1.012608e-206 2.096532e-209 4.170516e-212 7.970881e-215 1.463697e-217 2.582403e-220 4.377491e-223 7.129428e-226  1.11561e-228 1.677252e-231 2.422771e-234  3.36244e-237 4.483582e-240 5.744125e-243 7.070512e-246 8.361921e-249 9.501441e-252 1.037292e-254  1.08803e-257 1.096501e-260 1.061709e-263 9.877109e-267 8.828412e-270 7.581646e-273 6.255654e-276 4.959183e-279  3.77725e-282 2.764201e-285 1.943532e-288 1.312931e-291 8.521586e-295 5.314068e-298  3.18392e-301 1.832843e-304 1.013717e-307 5.386867e-311 2.750325e-314  1.34915e-317 6.358625e-321 4.940656e-324             0             0             0             0             0             0             0             0             0             0             0             0             0             0             0             0             0             0             0             0             0             0             0             0             0             0             0             0             0             0             0             0             0             0             0             0             0



*************************


